# Wes Sander, MoltFire
pglib_opf_case793_goc: AC-OPF objective 260196.983914 $/h (verified feasible at 1e-06 pu)

gen  bus  Pg[MW]  Qg[MVAr]
  0    6     0.0000     0.0000
  1   23   460.4605   103.2813
  2   25     0.0000     0.0000
  3   25     0.0000     0.0000
  4   31    34.6849    64.0570
  5   33     0.0000     0.0000
  6   35     0.0000     0.0000
  7   35     0.0000     0.0000
  8   35     0.0000     0.0000
  9   43   192.0537     0.7726
 10   45     0.0000     0.0000
 11   46    11.5159   160.0001
 12   47    33.9773    -3.9026
 13   52    27.6699    19.6402
 14   55    34.6739    -3.0522
 15   59     3.8329     5.4048
 16   65    20.9061     0.9144
 17   65     0.0000     0.0000
 18   71    39.2927    -3.4244
 19   80     0.0000     0.0000
 20   80     0.0000     0.0000
 21   86    65.4163     3.3133
 22   87     0.0000     0.0000
 23   90    59.5991   -10.2742
 24   93     2.9649  -122.7461
 25   98     0.0000     0.0000
 26   99     0.0000     0.0000
 27  100     0.0000     0.0000
 28  100     0.0000     0.0000
 29  105     4.9999    43.9201
 30  116     0.0000     0.0000
 31  117     0.0000     0.0000
 32  121     0.0000     0.0000
 33  131     0.0000     0.0000
 34  131     0.0000     0.0000
 35  131     0.0000     0.0000
 36  131     0.0000     0.0000
 37  133     0.0000     0.0000
 38  134     4.9999    16.6671
 39  151     0.0000     0.0000
 40  151    58.3329    43.9201
 41  151     4.9999    43.9201
 42  152    78.9999    54.8971
 43  152     0.0000     0.0000
 44  156     0.0000     0.0000
 45  159   137.2305    25.9644
 46  179     9.9999    43.9201
 47  190    27.0158   160.0001
 48  221     0.0000     0.0000
 49  221     0.0000     0.0000
 50  221     0.0000     0.0000
 51  222   486.8421   149.3444
 52  222     0.0000     0.0000
 53  223  1016.7672    82.8682
 54  223  1148.4531    82.8682
 55  223  1148.4531    82.8682
 56  224     0.0000     0.0000
 57  224   239.9999   155.5501
 58  224   295.9165   155.5501
 59  233    43.0999    33.5204
 60  236     0.0000     0.0000
 61  236   526.3161    73.3616
 62  246   460.5261   160.1251
 63  250     0.0000     0.0000
 64  256     1.9999    92.9641
 65  267   271.8947   -38.5156
 66  268   422.3161   123.1389
 67  272    78.3951    73.1695
 68  275     1.4609   155.9832
 69  281     1.7819     5.6633
 70  293     0.0000     0.0000
 71  296     0.0000     0.0000
 72  298    23.0529     4.1949
 73  303     4.9999    -8.0387
 74  304     0.0000     0.0000
 75  305     0.0000     0.0000
 76  307     6.6439    49.5276
 77  309     0.0000     0.0000
 78  326     0.0000     0.0000
 79  335     0.0000     0.0000
 80  337     1.9069     1.5220
 81  342     0.0000     0.0000
 82  345    10.5508     2.7346
 83  350    34.1419    12.1626
 84  352     0.0000     0.0000
 85  353    25.5419   160.0001
 86  357     0.0000     0.0000
 87  361   526.4301    14.4004
 88  364     0.0000     0.0000
 89  370     0.0000     0.0000
 90  370     0.0000     0.0000
 91  370     0.0000     0.0000
 92  371     0.0000     0.0000
 93  373    25.9999    20.1301
 94  374     0.0000     0.0000
 95  375     0.0000     0.0000
 96  376     0.0000     0.0000
 97  376     0.0000     0.0000
 98  380     0.0000     0.0000
 99  384     0.0000     0.0000
100  385     1.9999     0.8707
101  390     0.0000     0.0000
102  391   311.5791  -108.3361
103  395     0.0000     0.0000
104  401     0.0000     0.0000
105  402     0.0000     0.0000
106  408     0.0000     0.0000
107  414     0.0000     0.0000
108  416     1.9999   -14.8096
109  422     3.7799   160.0001
110  428     1.9999  -101.0161
111  428     0.0000     0.0000
112  428     0.0000     0.0000
113  436    11.9149   -74.0773
114  437    22.3899   137.2655
115  442     0.0000     0.0000
116  443     0.0000     0.0000
117  444     0.0000     0.0000
118  449    44.3449    -2.3563
119  469    38.2726   -74.2767
120  470     0.0000     0.0000
121  470     0.0000     0.0000
122  471     0.0000     0.0000
123  471     0.0000     0.0000
124  471     0.0000     0.0000
125  474    10.1299    73.6833
126  480    55.0062    13.4743
127  481    53.3001     5.2786
128  482    24.5609     5.6434
129  483   306.3311    75.2475
130  487    34.4259    29.2954
131  490    83.5651    22.4961
132  494    83.5991    63.2612
133  499    18.3029    17.0215
134  525     0.0000     0.0000
135  549    58.5761    -0.7754
136  559     0.0000     0.0000
137  564     0.0000     0.0000
138  565     0.0000     0.0000
139  566     0.0000     0.0000
140  567     0.0000     0.0000
141  568     0.0000     0.0000
142  569    23.7599    47.6921
143  570     0.0000     0.0000
144  571    41.3569    43.2861
145  572     0.0000     0.0000
146  573     0.0000     0.0000
147  576     0.0000     0.0000
148  578   134.9999    75.0301
149  579     0.0000     0.0000
150  579     0.0000     0.0000
151  579   526.3161   183.0001
152  580     0.0000     0.0000
153  581     0.0000     0.0000
154  581     0.0000     0.0000
155  587   963.1051   160.0001
156  591     0.0000     0.0000
157  596    89.9999    71.0573
158  599     0.0000     0.0000
159  602     0.0000     0.0000
160  611     0.0000     0.0000
161  619     0.0000     0.0000
162  620     1.9999   -11.3400
163  623     0.0000     0.0000
164  625     1.9999   -18.3001
165  630     1.9999   101.3821
166  633    10.9509    68.3382
167  634    15.4429   160.0001
168  639     0.0000     0.0000
169  640     0.0000     0.0000
170  645    98.4829    92.8551
171  645     0.0000     0.0000
172  645    98.4829    92.8551
173  646     1.9999    65.5141
174  648   125.7630    -1.0056
175  649     0.0000     0.0000
176  650     0.0000     0.0000
177  652     1.9999   -40.9351
178  652   526.3161   -75.8057
179  659     1.9999     6.5881
180  660     0.0000     0.0000
181  667     1.9999     5.1037
182  667     1.9999     8.5920
183  674     1.9999   100.2841
184  675     1.9999    -5.4901
185  679     0.0000     0.0000
186  684   310.5261   107.9701
187  684     0.0000     0.0000
188  688     1.9999    48.4369
189  690     1.9999    17.5031
190  690   267.1718    30.0740
191  693   526.3161   -50.9396
192  696     0.0000     0.0000
193  697     0.0000     0.0000
194  698     0.0000     0.0000
195  702     0.0000     0.0000
196  703     0.0000     0.0000
197  706     0.0000     0.0000
198  719     0.0000     0.0000
199  719     0.0000     0.0000
200  738     6.2819   160.0001
201  740     1.0409    94.5856
202  743     0.0000     0.0000
203  747     3.6329   160.0001
204  748     0.0000     0.0000
205  749     0.0000     0.0000
206  753     0.0000     0.0000
207  754     0.0000     0.0000
208  757     0.0000     0.0000
209  770    99.1399    73.0001
210  770     0.0000     0.0000
211  789    49.1921   118.8085
212  791   458.2833    30.2683
213  794     0.0000     0.0000

bus  Vm[pu]  Va[deg]
   1  0.99409  -11.2854
   2  1.01125  -17.1620
   3  1.01282  -13.1110
   4  0.99837   -7.2904
   5  1.01073  -17.8188
   6  1.01726  -15.7259
   7  1.01384  -12.7292
   8  1.01194  -17.1551
   9  1.00308  -12.4575
  10  1.00993  -17.7544
  11  1.01444  -18.0686
  12  1.00563  -10.5088
  13  1.00146  -14.1713
  15  1.02159  -13.1951
  16  0.99394   -8.9284
  17  0.99321   -9.1841
  18  1.01327  -10.3699
  19  1.01360  -10.2822
  20  0.99839   -7.3726
  21  0.99943  -20.8831
  22  1.00219  -10.2387
  23  0.98963    0.0874
  24  1.01808  -14.0008
  25  1.01726  -15.7259
  27  1.00965  -17.7376
  28  1.02792  -16.6699
  30  1.01606  -13.6798
  31  1.01311  -10.3688
  32  1.01073  -17.4045
  33  1.01101  -10.7554
  34  0.99025   -7.0060
  35  1.01360  -10.2822
  36  1.01101  -10.7554
  37  1.02738  -16.1202
  38  1.01134  -10.4284
  39  0.99657   -9.4694
  40  0.99650   -8.5370
  41  1.03386  -16.1790
  43  1.00479   -5.2192
  44  0.98910   -0.9178
  45  1.01101  -10.7554
  46  1.06000  -14.5719
  47  0.99773   -8.0780
  49  0.99025   -7.0060
  50  1.01198  -17.1784
  51  1.01722  -14.0491
  52  1.03342  -16.2126
  53  1.01599  -18.0066
  54  1.00589  -18.3935
  55  1.02804  -15.7259
  56  1.00693  -10.3880
  57  0.98633  -21.9351
  58  1.02500  -17.1020
  59  0.98942    0.0563
  60  1.00392  -12.3704
  61  1.00957  -17.7602
  62  1.01710  -17.9079
  63  1.05985  -14.4269
  64  0.98853    0.0530
  65  0.99565   -8.7251
  66  1.01327  -10.3699
  67  0.99486   -6.9143
  68  1.00771  -19.5058
  69  1.01367  -10.2672
  70  0.98326   -8.7904
  71  1.00397   -7.2756
  72  1.00969  -17.6706
  73  1.01676  -12.7738
  74  1.01210  -17.1331
  75  0.99910   -7.4607
  76  1.01831  -17.7885
  77  1.01602  -16.6642
  78  1.01538  -13.7548
  79  1.02708  -16.1907
  80  0.99377   -8.9352
  81  1.00185  -14.1265
  82  1.01596  -18.0105
  83  1.00942  -19.3072
  84  1.00713  -19.5655
  85  0.98627  -21.9429
  86  1.01625   -9.1830
  87  1.03323  -16.2134
  88  0.99738   -7.2450
  89  1.00217  -10.7278
  90  1.06000  -14.3448
  91  1.01005  -19.2067
  92  1.01509  -18.0200
  93  0.99301   -9.0927
  94  1.01892  -13.9514
  95  0.98004  -26.2544
  96  0.98001  -26.2597
  97  0.98576  -26.3687
  98  0.98589  -26.3744
  99  0.98359  -25.7458
 100  0.98372  -25.7725
 101  1.00419  -27.6892
 102  1.00710  -27.4789
 103  1.02713  -26.0164
 104  0.98845   13.2708
 105  0.98877   13.0214
 106  0.97361  -12.1329
 107  0.97371  -12.1342
 108  1.00487   18.2307
 109  1.02037  -26.4277
 110  0.97326  -12.1029
 111  0.97331  -12.1046
 112  0.97896  -15.7253
 113  0.97896  -15.7253
 114  0.97910  -15.7143
 115  1.02847  -26.4892
 116  1.03239  -26.4740
 117  1.03297  -26.4792
 118  1.02377  -26.2159
 119  1.02394  -26.2046
 120  1.02228  -26.4940
 121  1.02168  -26.3473
 122  1.02171  -26.3445
 123  1.02171  -26.3445
 124  1.02168  -26.3473
 125  1.02043  -26.4224
 126  1.02848  -26.4893
 127  0.96838  -11.1894
 128  0.96795  -11.1415
 129  0.96357   -2.8705
 130  0.96377   -2.8673
 131  0.97876  -15.7448
 132  1.03221  -26.4866
 133  1.02705  -25.6102
 134  0.97212  -28.3207
 135  1.01995  -26.4590
 136  1.02164  -26.3507
 137  0.98589   -0.7813
 138  0.96410    3.6479
 139  0.96410    3.6480
 140  0.97277  -12.0519
 141  0.97487  -11.6289
 142  1.03608  -26.5951
 143  1.03623  -26.5915
 144  1.02043  -26.4224
 145  1.04920  -27.0390
 146  0.97136  -12.8338
 147  0.97134  -12.8524
 148  1.05361  -26.2539
 149  1.05412  -26.2305
 150  1.02837  -26.4943
 151  0.95430   -3.8570
 152  1.02701  -26.0145
 153  1.03353  -26.5648
 154  1.03364  -26.5650
 155  0.97528  -12.1368
 156  0.97545  -12.1111
 157  0.97758  -12.8955
 158  0.97772  -12.8870
 159  0.98542  -10.3253
 160  0.98538  -10.3559
 161  1.02232  -26.3096
 162  1.02224  -26.3167
 163  0.97832  -11.2467
 164  0.97832  -11.2545
 165  0.97517  -12.1437
 166  0.97537  -12.1167
 167  1.03047  -26.2751
 168  1.03060  -26.2880
 169  0.99884   16.8072
 170  0.99896   16.8165
 171  0.97859  -11.1856
 172  0.97859  -11.1999
 173  0.97071   -2.1719
 174  0.97166   -2.1027
 175  1.04060  -26.4067
 176  1.04106  -26.3970
 177  1.02650  -26.4938
 178  1.02650  -26.4938
 179  0.97141    6.3813
 180  0.97095    6.6320
 181  0.96015   -9.1029
 182  0.96053   -9.1547
 183  0.95538   -6.4871
 184  1.03011  -26.3575
 185  1.03038  -26.3663
 186  1.03040  -26.3431
 187  1.03074  -26.3497
 188  0.95452   -5.0249
 189  0.95423   -4.9686
 190  0.98761  -14.9644
 191  1.02162  -26.4428
 192  1.02167  -26.4396
 193  1.02011  -26.4472
 194  1.02457  -25.9088
 195  1.02475  -25.8947
 196  0.98761  -14.9645
 197  1.02171  -26.3445
 198  1.02356  -26.5020
 199  1.02357  -26.5017
 200  0.97464  -12.1519
 201  0.97476  -12.1495
 202  0.97406  -12.1428
 203  0.97396  -12.1415
 204  0.97478  -12.0611
 205  0.97464  -12.0466
 206  0.97475  -12.1232
 207  0.97467  -12.1245
 208  0.96531  -14.0442
 209  1.03400  -26.5708
 210  1.03400  -26.5708
 211  1.03400  -26.5707
 212  1.01354   -3.3358
 213  1.02819   -1.0435
 214  1.00142   -6.4030
 215  1.00136   -6.4167
 216  1.01124   -3.7122
 217  1.01132   -3.6779
 218  1.01804   -4.3804
 219  1.01791   -4.3961
 220  1.03437  -10.5346
 221  1.01522   -3.1156
 222  1.03018   -0.8179
 223  1.02147    0.0000
 224  1.02127   -0.1748
 225  1.00681   -2.8076
 226  0.99283   -8.6292
 227  0.99293   -8.6384
 228  1.01271   -3.3657
 229  1.01265   -3.3671
 230  1.01567   -3.0835
 231  1.01567   -3.0847
 232  1.01020   -2.0973
 233  1.01035   -2.0758
 234  1.00484   -3.1242
 235  1.00387   -7.1595
 236  1.06000    0.9778
 237  1.01466   -4.7927
 238  1.00195   -9.9606
 239  1.01519   -4.7217
 240  1.01517   -4.7263
 241  1.01178  -17.4577
 242  1.00762   -3.2795
 243  1.00751   -3.3118
 244  1.02259   -0.8580
 245  1.02245   -0.8950
 246  1.04165    4.3940
 247  1.01208   -4.4344
 248  1.02199   -0.9644
 249  1.00272   -9.9043
 250  1.01758   -4.4454
 251  1.00700   -4.1939
 252  1.00693   -4.1769
 253  1.01412  -17.1403
 254  0.99227   -0.7542
 255  1.01758   -4.4454
 256  1.06000   -7.5240
 257  1.02271   -5.4887
 258  1.05542   -7.2481
 259  1.05515   -7.2355
 260  1.03158  -12.6494
 261  1.04629   -9.7861
 262  1.02214   -0.9503
 263  1.01429   -4.8531
 264  1.01429   -4.8526
 265  1.05197  -17.4584
 266  1.05411  -27.5342
 267  1.06000    6.4824
 268  1.06000  -15.3761
 269  1.03719  -25.8865
 270  1.04516  -26.5575
 271  1.04913  -26.5779
 272  1.06000  -25.9765
 273  1.04234  -26.7451
 274  1.05761  -27.3253
 275  1.06000  -26.9264
 276  1.03360  -31.0256
 277  1.05197  -17.4584
 278  1.03130  -31.1266
 279  1.03319  -31.3406
 280  1.04348  -23.9111
 281  1.04402  -26.3762
 282  1.03072  -31.4601
 283  1.03989  -19.5171
 284  1.03082  -31.7797
 285  1.05108  -26.9985
 286  1.03369  -22.1583
 287  1.04078  -26.2302
 288  1.06000  -20.9791
 289  1.01959  -32.5416
 290  1.03746  -26.6141
 291  1.02035  -18.9827
 292  1.03850  -26.1010
 293  1.05197  -17.4584
 294  1.02988  -30.9294
 295  1.04035  -29.6840
 296  1.05197  -17.4584
 297  1.03847  -25.5410
 298  1.06000  -24.7653
 299  1.04958  -26.4465
 300  1.04009  -24.8908
 301  1.04192  -25.3292
 302  1.04125  -27.0518
 303  1.02678  -22.9535
 304  1.04048  -25.1002
 305  1.05197  -17.4584
 306  1.04132  -25.3372
 307  1.01026  -16.7154
 308  1.03973  -19.7041
 309  1.03973  -19.7041
 310  1.04624  -29.0306
 311  1.03483  -31.4851
 312  1.00487   -1.4472
 313  1.05669  -17.2786
 314  1.05494  -27.2500
 315  1.03723  -31.5071
 316  1.03156  -31.4280
 317  1.02959  -29.4748
 318  1.04119  -26.0214
 319  1.04705  -30.1272
 320  1.03863  -20.5740
 321  1.02754  -31.2288
 322  1.05197  -17.4584
 323  1.01273  -17.9296
 324  1.03217  -27.6248
 325  1.03388  -24.1771
 326  1.05197  -17.4584
 327  1.03070  -31.0855
 328  1.03709  -20.7782
 329  1.02327  -23.5018
 330  1.02465  -31.7088
 331  0.98285   -8.3060
 332  1.01879  -32.2604
 333  1.04925  -26.5212
 334  1.04686  -29.8631
 335  1.05197  -17.4584
 336  1.02598  -31.7779
 337  1.02031  -32.2113
 338  1.05040  -27.9664
 339  1.05015  -27.9652
 340  1.04137  -26.6115
 341  1.05014  -27.9946
 342  1.03882  -20.5617
 343  1.04020  -25.7675
 344  1.02783  -31.2377
 345  1.05028  -26.4651
 346  1.04261  -26.3409
 347  1.03208  -22.5868
 348  1.05978  -25.4350
 349  1.05824  -26.6096
 350  1.03325  -31.5637
 351  1.03065  -23.4318
 352  1.04093  -17.4584
 353  1.02920  -20.1824
 354  1.03128  -31.2916
 355  0.99326   -5.4245
 356  1.00220   -4.1033
 357  1.00224   -4.0778
 358  1.02080   -5.5103
 359  1.02065   -5.5244
 360  1.01729   -6.3779
 361  1.05274   -1.4049
 362  1.05274   -1.4049
 363  1.05528   -3.6608
 364  1.01336   -4.0479
 365  1.02151   -4.9256
 366  1.02132   -4.9185
 367  1.05444   -5.5844
 368  1.01011   -5.3932
 369  1.01004   -5.3772
 370  1.01177   -5.5743
 371  1.01190   -5.5741
 372  0.97072   -0.7115
 373  0.98012  -10.4337
 374  0.97991  -10.4278
 375  0.96542   -0.3350
 376  0.97837  -15.1690
 377  1.03142   -6.7316
 378  1.03211   -6.3597
 379  1.02281   -6.5321
 380  0.97617  -13.0940
 381  1.02740   -6.7107
 382  0.97825  -10.9158
 383  0.97834  -10.8885
 384  0.98238   -7.8127
 385  0.98302   -7.6625
 386  0.98277  -10.6782
 387  0.97792  -10.9390
 388  1.05528   -3.6608
 389  0.97813  -10.8673
 390  1.00279  -15.3720
 391  0.96368    4.8059
 392  0.96316    4.0147
 393  0.97846  -10.7637
 395  0.98831   -5.7279
 396  0.98132  -12.6594
 397  1.02562   -6.6138
 398  1.03149   -6.4068
 399  0.97679   -9.3935
 400  0.97841  -10.1080
 401  0.97568  -13.1320
 402  0.98950   -8.1029
 403  0.99935  -13.5705
 404  0.99844  -11.5486
 405  0.97215   -5.4517
 406  1.00228   -8.3468
 407  1.00163   -8.3396
 408  0.98253   -7.4898
 409  0.98274   -7.5055
 410  0.98449   -7.7391
 411  0.97801  -10.9232
 412  0.97821  -10.8997
 413  0.98605  -10.5595
 414  0.98058   -8.2436
 415  0.97933   -8.2647
 416  0.95189    0.5010
 417  0.97511  -11.9086
 418  0.98134  -12.6579
 419  0.99014   -5.9435
 420  0.99013   -5.9368
 421  1.01916   -5.5293
 422  1.02963  -16.4348
 423  1.02474  -16.6114
 424  0.99489  -15.7287
 425  0.99460  -15.7304
 426  0.98978  -19.6354
 427  0.98993  -19.6357
 428  1.01675  -19.9706
 429  1.00804  -24.7708
 430  1.00760  -19.6196
 431  1.00258  -19.6720
 432  1.00242  -19.6744
 433  1.00791  -19.5991
 434  1.00774  -19.6047
 435  0.99028  -17.7410
 436  0.98705  -15.6856
 437  1.00388  -15.6998
 438  1.00974  -18.1125
 439  1.00975  -18.1348
 440  1.01356  -20.1897
 441  0.98073  -15.4371
 442  1.01129  -17.6935
 443  1.01522  -17.2805
 444  0.98848  -15.4528
 445  0.99625  -16.7376
 446  0.99625  -16.7376
 447  0.97917  -20.5167
 448  0.97919  -20.4742
 449  1.02035  -19.6013
 450  0.98702  -18.9157
 451  0.99112  -17.6283
 452  1.01380  -19.8804
 453  0.97594  -21.7873
 454  0.99628  -16.7284
 455  0.99611  -16.7830
 456  0.98849  -19.0463
 457  0.98858  -19.0326
 458  0.98765  -18.9473
 459  0.98797  -18.9570
 460  0.99876  -21.1771
 461  0.98412  -23.0291
 462  0.98493  -23.0681
 463  0.98839  -19.0603
 464  0.98610  -18.4863
 465  0.98589  -18.4404
 466  0.98903  -18.9792
 467  0.98603  -16.5510
 468  0.98588  -16.4981
 469  0.97578  -22.2690
 470  0.98483  -19.4897
 471  0.98483  -19.4327
 472  1.00804  -24.7708
 473  0.99080  -17.6992
 474  1.02097  -25.5451
 475  0.97467  -21.8822
 476  0.97464  -21.8851
 477  0.98431  -15.9627
 478  0.99188  -17.4698
 479  0.99177  -17.5197
 480  1.00705  -14.9546
 481  1.00967  -14.5244
 482  0.99199  -18.8774
 483  1.01165  -10.7711
 484  1.01005  -14.5031
 485  0.99954  -16.6609
 486  0.99928  -16.6967
 487  1.00056  -16.8987
 488  1.00675  -14.7884
 489  1.00884  -14.7224
 490  1.00382  -16.0590
 491  0.99184  -19.0009
 492  0.99170  -19.0181
 493  0.99195  -18.9850
 494  1.00682  -14.7678
 495  1.00198  -15.0089
 496  1.00178  -15.0347
 497  1.00656  -17.1319
 498  1.00306  -15.3749
 499  1.01692  -16.9230
 500  1.01681  -16.9407
 501  0.99219  -18.9593
 502  1.00451  -15.2936
 503  1.00258  -15.0243
 504  1.00231  -15.0430
 505  1.00178  -14.8598
 506  1.00152  -14.9012
 507  1.00695  -16.3622
 508  1.00690  -16.3685
 509  0.99830  -16.9899
 510  1.00271  -17.8815
 511  1.00231  -17.9106
 512  0.99587  -17.1374
 513  1.00196  -15.0336
 514  1.00769  -16.0358
 515  0.98916  -16.5133
 516  0.98900  -16.5384
 517  0.98932  -16.4866
 518  0.98916  -16.5133
 519  0.98916  -16.5133
 520  0.99004  -18.7061
 521  1.01320  -18.9280
 522  1.00394  -11.6998
 523  0.99569  -15.4541
 524  0.98342  -17.9498
 525  1.02127   -5.6631
 526  1.00932  -10.2330
 527  1.01388  -16.8958
 528  1.01254  -16.0561
 529  1.00412  -11.3597
 530  0.99186  -18.8235
 531  0.97983  -20.1511
 532  1.00444  -11.3077
 533  0.99377  -18.9626
 534  0.99348  -18.9867
 535  0.98000  -16.9154
 536  0.97981  -16.9354
 537  0.98018  -16.8974
 538  0.98000  -16.9154
 539  0.98000  -16.9154
 540  0.98158  -16.7310
 541  0.98140  -16.7382
 542  0.98379  -16.6590
 543  0.99912  -12.2344
 544  0.98591  -16.5218
 545  0.99882  -12.2694
 546  0.99985  -12.1420
 547  0.97744  -17.0762
 548  1.00371  -18.3481
 549  1.00948  -17.1158
 550  1.00923  -17.1536
 551  1.00921  -11.8967
 552  1.00861  -16.9293
 553  0.99991  -18.0001
 554  1.00946  -11.8497
 555  1.00115  -18.1288
 556  1.00119  -18.1265
 557  1.00821  -18.3981
 558  1.00820  -18.3990
 559  0.99211  -18.9515
 560  1.02199   -6.2039
 561  1.01238  -10.3625
 562  1.00660  -13.7578
 563  1.00777  -12.8629
 564  1.02199   -6.2039
 565  1.02199   -6.2039
 566  1.02199   -6.2039
 567  1.02199   -6.2039
 568  1.02199   -6.2039
 569  1.02807   -6.0394
 570  1.02199   -6.2039
 571  1.02847   -5.8651
 572  1.02199   -6.2039
 573  1.00593  -13.9045
 574  1.01424  -16.2741
 575  1.01424  -16.2741
 576  0.99243  -15.4384
 577  0.99243  -15.4384
 578  1.05024  -15.2018
 579  1.05047  -15.1800
 580  1.03244  -12.5507
 581  1.03252  -12.5379
 582  1.01101  -14.7326
 583  1.01101  -14.7326
 584  1.01137  -16.2477
 585  1.01130  -16.2468
 586  1.00598  -12.9745
 587  1.04005   -9.4656
 588  1.02230  -12.7123
 589  1.01218  -11.4286
 590  1.01230  -11.4425
 591  1.00528   -9.5796
 592  1.00542   -9.6032
 593  1.01149  -14.6071
 594  1.05995  -17.5053
 595  1.02226  -19.4740
 596  1.06000  -17.4717
 597  1.06000  -17.4717
 598  1.02532  -15.5655
 599  0.99439  -18.6587
 600  1.05596  -18.4017
 601  1.05955  -17.3014
 602  1.00324  -16.4685
 603  1.00333  -16.4601
 604  1.00418  -15.4964
 605  1.02535  -15.5042
 606  1.02541  -15.8877
 607  0.99426  -18.6647
 608  0.99347  -18.7175
 609  1.04562  -18.2269
 610  0.99222  -14.8070
 611  0.99128  -15.2484
 612  0.99873  -13.7349
 613  0.99868  -13.7479
 614  0.98422  -15.6818
 615  0.98820  -15.2375
 616  0.98282  -15.9906
 617  0.98353  -15.8780
 618  0.99454  -13.5826
 619  0.99741  -13.6944
 620  0.99439  -13.6163
 621  0.99695  -13.2304
 622  0.99030  -15.3970
 623  1.01501  -11.2048
 624  0.99571  -14.9883
 625  0.98872  -13.5169
 626  0.99053  -15.3780
 627  0.98901  -15.1451
 628  0.99032  -15.3955
 629  1.04005   -9.4656
 630  1.05177  -17.9621
 631  1.02103  -16.1143
 632  1.06000   -6.5957
 633  1.05974   -5.2478
 634  1.05594   -3.0354
 635  1.05591   -3.0212
 636  0.96898  -13.2088
 637  0.99027  -10.7274
 638  0.99029  -10.7265
 639  1.00438  -14.2479
 640  1.00440  -14.2378
 641  0.99097  -15.5248
 642  1.05794   -2.0624
 643  1.05629   -4.0087
 644  1.05638   -4.0246
 645  1.05924   -1.1692
 646  1.05935   -1.1934
 647  1.04515   -8.6127
 648  1.01477   21.2087
 649  0.97203   -3.1925
 650  0.97181   -3.1422
 651  0.97642  -11.5279
 652  1.06000   39.2897
 653  0.98073  -13.8684
 655  0.97931   -9.5209
 656  0.97682  -12.0059
 657  0.96391   -4.9585
 658  0.96380   -4.9380
 659  1.01993    4.5334
 660  1.01963    4.8405
 661  0.96258   -5.7060
 662  0.96351   -4.9849
 664  0.97762   -9.2706
 665  0.97569  -12.1281
 666  0.96516   -4.5865
 667  1.02325   28.8881
 668  1.02972   28.6584
 669  0.97767  -13.4957
 670  0.97697  -13.4334
 671  0.97720  -13.4745
 672  0.96684   -4.1944
 673  0.97774  -13.4100
 674  1.02256    9.1414
 675  0.97942  -13.9560
 676  0.96285   -6.1905
 677  0.98160    0.5378
 678  0.97427   -1.9089
 679  0.97882   -9.5586
 680  1.01539  -10.8685
 681  0.99971   26.9020
 682  1.05018   -7.5424
 683  1.04993   -7.5717
 684  1.00126   21.2589
 685  0.96353   -4.9711
 686  0.96431   -4.8345
 687  1.04960   -8.1348
 688  1.01996    3.6542
 689  0.99121    3.5437
 690  1.05945   27.4616
 691  0.96627   -6.8083
 692  0.97770   -9.2597
 693  1.01758    8.6071
 694  1.01835    8.5204
 695  1.05730   -2.5711
 696  1.00141  -27.5490
 697  0.98395  -26.4229
 698  0.98627  -26.5209
 699  1.00306  -25.8349
 700  1.00680  -24.6314
 701  1.00688  -24.6504
 702  1.00886  -25.3944
 703  1.00874  -25.3671
 704  1.00436  -25.9471
 705  1.00453  -25.9353
 706  1.00670  -25.9721
 707  1.00663  -25.9830
 708  1.00663  -25.9830
 709  1.00670  -25.9721
 710  1.00868  -25.4076
 711  1.02062  -25.5004
 712  1.02043  -25.5027
 713  1.00666  -25.9756
 714  1.02792  -26.2586
 715  1.02851  -26.2680
 716  1.00761  -24.4651
 717  1.00780  -24.5060
 718  1.01445  -22.4731
 719  1.00293  -25.8330
 720  1.00764  -24.0969
 721  1.00770  -24.0203
 722  1.01672  -25.8198
 723  1.01727  -25.8335
 724  1.00507  -25.9875
 725  1.00518  -25.9883
 726  1.00564  -24.2787
 727  1.00575  -24.2610
 728  1.01153  -25.4636
 729  1.01134  -25.4650
 730  1.01441  -22.4754
 731  1.01450  -22.4722
 732  1.00638  -25.5732
 733  1.00618  -25.5604
 734  1.00668  -25.5581
 735  1.00655  -25.5430
 736  1.00675  -24.9943
 737  1.00694  -24.9796
 738  1.01462  -22.4614
 739  1.03730  -26.5288
 740  1.03789  -26.5380
 741  1.00663  -25.9830
 742  1.02268  -25.4967
 743  1.02289  -25.4933
 744  1.01885  -25.9017
 745  1.01885  -25.9017
 746  1.01885  -25.9016
 747  1.01821  -27.3883
 748  0.98320  -26.3820
 749  0.98987  -26.6067
 750  1.03020  -24.5177
 751  1.03839  -24.5267
 752  1.03818  -24.5142
 753  1.03246  -23.6963
 754  1.03267  -23.7744
 755  1.02704  -25.0236
 756  1.02720  -25.0123
 757  1.02549  -25.4501
 758  1.02536  -25.4408
 759  1.02536  -25.4408
 760  1.02549  -25.4501
 761  1.03228  -23.7090
 762  1.01131  -25.4207
 763  1.01150  -25.3949
 764  1.02545  -25.4535
 765  1.04948  -18.7673
 766  1.04957  -18.6381
 767  1.04000  -24.5793
 768  1.03953  -24.5462
 769  1.05838  -25.2134
 770  1.03008  -24.5158
 771  1.04307  -24.8578
 772  1.04381  -24.8612
 773  1.03872  -21.5409
 774  1.03867  -21.4141
 775  1.02586  -25.2616
 776  1.02584  -25.2818
 777  1.04097  -24.9851
 778  1.04111  -24.9725
 779  1.02559  -24.3071
 780  1.02580  -24.2809
 781  1.05834  -25.2155
 782  1.05842  -25.2125
 783  1.03114  -23.9988
 784  1.03117  -24.0564
 785  1.03144  -23.9844
 786  1.03153  -24.0399
 787  1.03523  -24.2798
 788  1.03541  -24.2659
 789  1.05854  -25.2026
 790  1.05982  -16.6256
 791  1.06000  -16.4980
 792  1.02536  -25.4408
 793  1.00842  -25.6387
 794  1.00823  -25.6636
 795  1.04035  -21.0119
 796  1.04035  -21.0119
 797  1.04035  -21.0118
99994  1.00777  -12.8629
99995  1.00533  -16.5262
99996  0.99030  -17.2962
99997  1.01254  -16.0561
