# Wes Sander, MoltFire
pglib_opf_case300_ieee: AC-OPF objective 565206.714286 $/h (verified feasible at 1e-06 pu)

gen  bus  Pg[MW]  Qg[MVAr]
  0    8     0.0001    10.0001
  1   10     0.0001    20.0001
  2   20     0.0001    20.0001
  3   63     0.0001    25.0001
  4   76     0.0001    35.0001
  5   84   820.4060   237.7222
  6   91    -0.0001    62.0180
  7   92    60.8642    36.6821
  8   98    93.0001     8.8656
  9  108   197.0001    51.9222
 10  119  1665.8407   925.5029
 11  124   321.0001   120.0001
 12  125     0.0001   200.0001
 13  138     0.0001   334.3749
 14  141   297.0001    67.3963
 15  143   800.0001   124.8841
 16  146    91.0001    35.0001
 17  147    -0.0001   -23.0318
 18  149    -0.0001    26.9143
 19  152   243.0150   -50.0001
 20  153   242.0001   -50.0001
 21  156     0.0001   -10.0001
 22  170   209.1624    90.0001
 23  171     0.0001   150.0001
 24  176   102.7096    34.6731
 25  177   125.0001    35.0001
 26  185   250.0001    34.0236
 27  186  2465.0001   282.3792
 28  187  1624.0001   275.3564
 29  190    -0.0001  -222.0615
 30  191  1491.3095   383.4688
 31  198   430.0001   139.9179
 32  213    -0.0001    74.1726
 33  220   460.0001    60.0001
 34  221   554.0001   277.0001
 35  222    -0.0001   124.3967
 36  227   436.0001   218.0001
 37  230   458.0001    99.9208
 38  233   341.0001   171.0001
 39  236   881.0001   300.0001
 40  238   267.0001   134.0001
 41  239   424.7046   225.1842
 42  241  1127.0001  -104.3731
 43  242    -0.0001   100.0001
 44  243   342.0001    54.9635
 45 7001    -0.0001   134.2170
 46 7002   670.0001   108.7469
 47 7003  1401.0001   420.0001
 48 7011   637.3941   100.0001
 49 7012   553.9249   224.0001
 50 7017   490.0001   245.0001
 51 7023    -0.0001     5.9797
 52 7024   496.1864   167.4432
 53 7039    -0.0001    46.8267
 54 7044    82.5512    42.0001
 55 7049   496.5272    10.0001
 56 7055    87.8273    25.0001
 57 7057    -0.0001    90.0001
 58 7061   532.0534   150.0001
 59 7062   357.1795   150.0001
 60 7071   203.0001    87.0001
 61 7130   800.5615   220.2180
 62 7139   239.7791   314.7800
 63 7166    -0.0001    31.2948
 64 9002     0.0001     2.0001
 65 9051     0.0001    17.3501
 66 9053     0.0001    12.8301
 67 9054    84.0001    38.0001
 68 9055    -0.0001     6.0001

bus  Vm[pu]  Va[deg]
   1  1.03527   -0.2416
   2  1.04270    6.5657
   3  1.00382    4.0760
   4  1.03797    2.3616
   5  1.02735   -0.3968
   6  1.03803    5.5561
   7  1.00070    3.5952
   8  1.02369    2.2268
   9  1.01535    1.2556
  10  1.03378    0.9311
  11  1.02290    4.1081
  12  1.00735    3.5184
  13  1.01125   -0.6035
  14  1.00032   -4.7027
  15  1.02749   -8.2717
  16  1.03886   -4.1724
  17  1.05656   -9.2225
  19  0.99548   -1.4621
  20  1.01610   -4.2353
  21  0.98869   -0.4548
  22  1.01099   -4.8333
  23  1.05870   -2.4977
  24  1.02333    3.2160
  25  1.03459   -4.5483
  26  1.01330   -6.8755
  27  0.99031   -8.6322
  33  1.03450  -13.3889
  34  1.05235   -9.6134
  35  0.99915   -9.9514
  36  1.03068  -10.5491
  37  1.02873  -12.7724
  38  1.03031  -13.7614
  39  1.06000   -9.1812
  40  1.03241  -14.3901
  41  1.03757  -11.8312
  42  1.05584   -9.1601
  43  1.02089  -15.7879
  44  1.03471  -14.0376
  45  1.04813  -11.4569
  46  1.05772  -10.1327
  47  1.00552  -16.9655
  48  1.02588  -19.1801
  49  1.04399   -3.2398
  51  1.02895   -8.8650
  52  1.00492  -12.1769
  53  1.01606  -16.3465
  54  1.02464  -14.6196
  55  1.02389  -12.2575
  57  1.01143  -14.3777
  58  1.00292   -8.2388
  59  0.99768   -6.2140
  60  1.05263   -8.2171
  61  1.01142   -3.8018
  62  1.03674   -2.8214
  63  0.97565  -19.8662
  64  0.96492  -15.0621
  69  0.99583  -12.0951
  70  0.98703  -17.1127
  71  1.01329  -12.1872
  72  0.99711  -10.6211
  73  0.99963  -12.9578
  74  1.02724  -12.1105
  76  0.98750  -10.7878
  77  1.01256   -7.2638
  78  1.01903   -5.4887
  79  1.00937   -8.5566
  80  1.01774   -9.9064
  81  1.05730  -10.3171
  84  1.06000    9.6463
  85  1.04860  -20.7708
  86  1.03907  -18.6275
  87  1.01802  -12.2111
  88  1.04139  -10.9695
  89  1.03277  -16.5363
  90  1.02373  -16.8134
  91  1.06000  -19.2057
  92  1.06000  -19.6065
  94  1.02137  -14.7621
  97  1.05050  -20.4994
  98  1.06000  -19.9235
  99  1.05690  -22.2753
 100  1.05340  -20.3640
 102  1.05098  -20.5182
 103  1.04939  -21.4610
 104  1.05447  -21.4732
 105  1.04713  -21.6683
 107  1.03781  -20.8026
 108  1.06000  -22.1911
 109  1.02452  -25.0101
 110  1.02928  -25.7853
 112  1.01657  -25.6184
 113  1.00286  -20.6775
 114  1.01736  -25.1137
 115  0.98010  -22.5330
 116  1.04642  -19.6124
 117  0.96008  -14.7486
 118  0.95512  -14.3414
 119  1.06000   -7.5300
 120  0.98404  -19.5706
 121  1.01146  -22.6488
 122  0.99225  -22.5775
 123  1.01959  -23.8460
 124  1.04653  -19.7789
 125  1.02125  -23.6194
 126  1.00633  -17.9132
 127  1.00419  -13.6918
 128  1.00343   -6.6721
 129  1.00374   -6.3577
 130  1.03027    1.0740
 131  0.99324    2.9337
 132  1.01551   -1.4380
 133  0.99908   -6.2823
 134  1.02924  -11.1872
 135  1.02882  -10.6696
 136  1.05702   -4.0861
 137  1.04065    0.3294
 138  1.06000   -3.5796
 139  1.01111  -11.5912
 140  1.03338   -5.8397
 141  1.04830   -4.4827
 142  1.01257   -7.6894
 143  1.04561   -0.9430
 144  1.03503   -2.6642
 145  1.00823   -7.5721
 146  1.05846   -5.1857
 147  1.06000   -5.3028
 148  1.06000   -5.1818
 149  1.05529   -3.5753
 150  0.99362    3.1334
 151  1.01615   -0.3145
 152  1.06000   -0.6419
 153  1.04160   -3.2787
 154  0.97311  -17.6402
 155  1.03225  -11.5040
 156  0.96944  -12.9241
 157  1.00349  -19.8536
 158  1.01667  -18.4587
 159  1.00778  -18.1974
 160  1.02085  -19.2004
 161  1.03787   -6.4149
 162  1.03750  -11.5855
 163  1.05484   -4.0701
 164  1.01190   -9.9561
 165  1.04007  -11.5961
 166  1.03073  -11.5877
 167  0.97516   -9.1921
 168  1.00341   -6.6897
 169  0.98815   -8.5018
 170  0.94000   -4.2440
 171  0.97989  -10.7841
 172  1.02231  -12.9136
 173  0.98308  -19.9226
 174  1.06000   -7.9071
 175  0.97223  -13.2584
 176  1.03586   -7.7466
 177  1.00799   -8.5159
 178  0.94000  -14.0384
 179  0.96928  -15.9383
 180  0.97950  -10.5286
 181  1.04732    1.0654
 182  1.03417   -8.8084
 183  0.97121   -6.9731
 184  1.04565   -8.9936
 185  1.06000   -5.8818
 186  1.06000    8.4729
 187  1.06000    5.1233
 188  1.04782    2.4554
 189  1.04288  -15.5254
 190  1.04622   -9.5271
 191  1.01107   -5.9881
 192  0.94417  -22.6033
 193  1.03230  -15.6913
 194  1.06000   -9.1018
 195  1.05247  -10.5972
 196  1.01015  -14.5631
 197  1.03014  -12.8980
 198  1.06000  -10.0574
 199  0.99610  -15.4055
 200  0.99679  -15.4325
 201  1.01206  -14.4096
 202  1.02814  -14.1446
 203  1.04403  -11.5406
 204  1.01565  -14.4459
 205  1.02590  -15.5276
 206  1.03164  -20.6272
 207  1.03981  -22.2551
 208  1.03661  -16.2952
 209  1.04700  -15.1906
 210  1.02169  -13.6352
 211  1.03597  -12.2571
 212  1.04326  -12.0757
 213  1.06000  -13.1468
 214  1.03341  -13.0498
 215  1.02224  -13.5531
 216  1.00619  -14.0650
 217  1.03618  -10.6436
 218  1.02175  -10.5044
 219  1.05511   -9.6823
 220  1.04400   -8.2011
 221  1.04613  -11.3981
 222  1.00991  -18.5832
 223  1.04113  -11.7583
 224  1.02726  -13.3835
 225  0.95491  -21.3598
 226  1.03832  -12.4171
 227  0.97833  -12.3402
 228  1.04713   -7.0651
 229  1.05493   -5.9748
 230  1.06000    1.9450
 231  1.04892   -9.7226
 232  1.03990  -11.5635
 233  1.01892  -13.1783
 234  1.04587   -6.6276
 235  1.04549   -7.6459
 236  1.01924    1.4194
 237  1.05150   -9.4840
 238  1.04647   -7.5960
 239  1.06000   -4.0729
 240  1.01529   -9.0362
 241  1.02761   -0.2128
 242  1.03457  -12.6009
 243  1.06000    3.2691
 244  1.02865   -0.4306
 245  0.99835   -8.7197
 246  0.98954   -6.5907
 247  1.00306  -12.2921
 248  1.01689  -15.3639
 249  1.01626  -15.7549
 250  1.05899  -14.0383
 281  1.01665   -8.9621
 319  1.03299   -1.1745
 320  1.02911   -7.3622
 322  1.05901  -21.7329
 323  1.02982  -18.1750
 324  1.04653  -24.9460
 526  0.96216  -35.9127
 528  1.00754  -19.3637
 531  0.98825  -12.1551
 552  1.02946   -5.7747
 562  1.01198  -17.7542
 609  0.98813  -10.8928
 664  1.04240   -6.9371
1190  1.02915   -8.7532
1200  1.05224  -18.3889
1201  1.04156  -26.7685
2040  1.00615   -4.1443
7001  1.06000   -0.2416
7002  1.06000   11.5866
7003  1.03637   12.2362
7011  1.03460   10.7590
7012  1.06000   12.8328
7017  1.02781   -5.1911
7023  1.06000   -2.4977
7024  1.06000   10.8126
7039  1.03619   -9.1812
7044  1.03179   -6.4277
7049  1.04351    0.0000
7055  0.99590   -3.1038
7057  1.00411  -14.3777
7061  1.03842    3.1230
7062  1.02224    3.0850
7071  1.01504   -4.7069
7130  1.06000    9.2075
7139  1.06000   -9.4500
7166  1.03538  -11.5877
9001  1.02037  -12.7863
9002  1.00381  -20.2609
9003  0.99380  -21.0732
9004  0.98736  -21.2078
9005  1.02110  -12.8163
9006  1.01298  -18.8545
9007  1.00167  -20.0922
9012  1.01151  -18.6990
9021  0.99809  -20.4776
9022  0.97450  -23.0031
9023  0.98421  -20.7815
9024  0.98006  -22.7806
9025  0.97436  -21.8228
9026  0.97520  -21.7352
9031  0.94289  -26.3029
9032  0.95504  -25.1403
9033  0.94000  -26.6108
9034  1.00808  -22.4611
9035  0.96129  -24.4999
9036  0.97046  -23.9941
9037  0.96780  -23.9199
9038  0.95019  -25.7117
9041  0.97424  -22.6784
9042  0.96112  -23.8181
9043  0.97536  -22.7771
9044  0.98952  -21.1684
9051  1.02722  -20.6483
9052  0.98986  -18.6196
9053  1.01489  -19.0412
9054  1.02685   -5.5160
9055  1.02535  -12.8163
9071  0.98589  -21.8422
9072  0.99086  -21.2995
9121  0.98934  -20.6855
9533  1.05610  -19.5412
