# Wes Sander, MoltFire
pglib_opf_case240_pserc: AC-OPF objective 3329670.092991 $/h (verified feasible at 1e-06 pu)

gen  bus  Pg[MW]  Qg[MVAr]
  0 1032  2060.0000   179.4529
  1 1032   714.0000    62.1987
  2 1034     0.0000  -130.2541
  3 1034  1835.0000   -52.1244
  4 1034  1400.0000   -39.7462
  5 1131   615.0000   105.6705
  6 1131  3830.8000   657.3526
  7 1131   240.0000    41.1703
  8 1232  2415.0000  -548.7542
  9 1232   603.2612  -285.2795
 10 1331  1682.0000    -5.0918
 11 1331  2438.0000    -7.3804
 12 1333   605.0000   128.6267
 13 1333  5491.0000  1165.7062
 14 1333     0.0000    16.1314
 15 1431  3210.5946   135.3377
 16 1431  4113.0000    78.2213
 17 1431     0.0000     0.5704
 18 2030  2140.0000   391.2538
 19 2030   699.0000   127.9802
 20 2130   400.0000    -3.7357
 21 2130   507.0000    -4.7443
 22 2130     0.0000    -4.6696
 23 2130   172.0000    -1.6063
 24 2233   706.0000   101.3326
 25 2233  1253.0000   230.6384
 26 2233     0.0000    32.6281
 27 2332  1118.0000   -29.9977
 28 2438  1563.0000    36.5858
 29 2438     0.0000   106.1950
 30 2438     0.0000   339.0684
 31 2438     0.0000   -32.4142
 32 2438     0.0000    65.7249
 33 2438  1273.0000   -90.6374
 34 2438  3967.0000   120.0445
 35 2438    -0.0000     0.2075
 36 2533  2232.0000   196.7538
 37 2630  2692.0000   683.9015
 38 2631   318.0000    32.0009
 39 2634  1900.0000   178.8334
 40 2637     0.0000   109.9980
 41 2638  -446.2530    40.5626
 42 3133     0.0000    42.0000
 43 3133     0.0000   499.9999
 44 3135   369.0000    57.8633
 45 3135     0.0000    23.8402
 46 3234   120.9999    43.5388
 47 3234  2628.0000   434.9723
 48 3234   707.0000   188.0684
 49 3234   690.0000    32.5571
 50 3333     0.0000   398.0000
 51 3333   213.0000   202.0000
 52 3432  1218.0000   310.4492
 53 3433   628.0000    80.6121
 54 3433  2016.0000   383.0092
 55 3531   868.0000   188.1908
 56 3531   325.0000    32.1259
 57 3531     0.0000     1.2947
 58 3631    53.0000    20.0000
 59 3631   143.0000    74.0000
 60 3731   255.0000   200.0000
 61 3831  2267.0000  -477.2087
 62 3835  1381.0000    28.7026
 63 3835    -0.0000     0.2225
 64 3836     0.0000   373.5030
 65 3931     0.0000    75.6976
 66 3931  2727.1579   652.7057
 67 3932  1478.0000  -229.2338
 68 3933   590.0000   253.7557
 69 3933     0.0000    44.5950
 70 3933  1278.1725   301.8874
 71 3933  3505.0000   692.1032
 72 3933   293.0000     7.1082
 73 3933    -0.0000     0.3773
 74 4039   204.0000   101.9948
 75 4039     0.0000  1458.9259
 76 4039     0.0000   187.9905
 77 4031   291.0533  -502.0000
 78 4031   978.0000  -489.0000
 79 4031    75.0000   -38.0000
 80 4031     0.0000  -120.0000
 81 4035   510.0000  -185.9008
 82 4035   613.0000  -223.8100
 83 4035  3671.0000 -1338.4860
 84 4035     0.0000  -355.7632
 85 4131  2051.6875   462.4212
 86 4131     0.0000     8.5607
 87 4132  2945.0000   433.8146
 88 4132  5693.0000   838.4726
 89 4132  1160.0000   170.8163
 90 4132     0.0000    68.0320
 91 4132     0.0000    25.9170
 92 4231  1456.0000   134.9345
 93 4231  1317.0000   122.1454
 94 4231     0.0000   335.1120
 95 4231    47.0000     4.4484
 96 4232     0.0000   591.9999
 97 4232   573.0000   287.0000
 98 4232     0.0000   108.0000
 99 5031     0.0000   218.1402
100 5031  8798.8000  1586.1137
101 5032  5954.0000   898.4379
102 5032   573.7076   663.9447
103 5032  4410.2000   665.4537
104 5032     0.0000    16.2968
105 5032     0.0000    81.7859
106 6132    15.0000    -1.1317
107 6132   293.0000   -20.7942
108 6132  2144.0000  -151.6420
109 6132     0.0000    -2.5462
110 6132   236.0000   -16.6919
111 6231  2511.0000    18.5035
112 6231   140.0000     1.0312
113 6235     0.0000   -28.4819
114 6235   693.0000  -154.4253
115 6235   190.0000   -42.2778
116 6333  3342.0000   647.2209
117 6333   248.0000    48.0284
118 6335     0.0000   -14.6397
119 6335     0.0000    -4.9908
120 6335   399.1119    -6.1402
121 6433   542.8571   -22.1737
122 6433   118.0000    -4.6228
123 6433     0.0000   -41.9968
124 6433    23.0000    -0.9402
125 6433    50.0000    -1.9588
126 6533  3847.0000   133.6471
127 6533     0.0000     1.3198
128 6533   435.9403    61.1276
129 6533     0.0000     1.3893
130 6533     0.0000     2.1534
131 7031  2837.0000  -181.5366
132 7031  4184.0000  -267.6354
133 7031   333.0000   -21.3648
134 7031   597.0000   -38.2519
135 7031     0.1000  -127.9328
136 7032   550.8664   825.9999
137 7032   978.0000   489.0000
138 7032   691.0000   346.0000
139 7032   200.0000    23.0000
140 8033     0.0000   716.7080
141 8034  2560.0000   676.9182
142 8034   688.0000   181.9218

bus  Vm[pu]  Va[deg]
1001  1.04289   -3.7817
1002  1.03587   -1.3960
1003  0.99651   -9.6725
1004  1.03988    4.2329
1032  1.03695   -0.6561
1034  1.03870    5.0910
1101  1.05289  -14.6579
1102  1.04372   -9.5580
1131  1.05646  -13.4510
1201  1.04288  -14.9606
1202  1.01648  -11.5370
1232  1.01225  -10.6966
1301  1.02623  -17.0682
1302  1.06815  -15.3368
1303  1.09439  -15.6888
1331  1.02597  -15.9471
1333  1.10000  -14.2380
1401  0.96687  -22.9736
1402  0.99954  -29.2614
1403  0.96710  -22.8670
1431  0.96724  -20.7296
2000  1.02556  -13.0544
2030  1.02799  -12.2830
2100  0.96377  -22.2888
2130  0.96368  -21.9560
2201  0.97949  -28.5169
2202  0.97842  -29.6150
2203  1.00077  -28.0193
2233  1.00254  -27.4599
2301  0.99718  -17.5146
2302  0.99661  -15.9842
2332  0.99644  -15.6617
2400  0.97558  -30.2028
2401  1.04738  -23.8144
2402  1.02572  -28.2758
2403  0.99291  -32.8426
2404  1.04851  -19.1991
2405  1.03407  -22.1558
2406  1.01616  -23.3504
2407  0.96883  -25.9762
2408  1.00941  -12.9462
2409  1.01730  -29.6793
2410  1.02699  -25.6235
2411  1.03845  -21.5025
2438  1.01154  -11.0372
2501  1.01488  -29.8854
2502  1.01102  -30.7849
2503  1.00562  -28.4382
2533  1.00654  -27.8064
2600  1.05869  -19.0915
2601  1.05904  -20.2039
2602  1.04719  -19.8867
2603  1.05805  -19.7631
2604  1.09922  -18.3539
2605  1.06465  -17.2717
2606  1.06465  -17.2717
2607  1.06465  -18.8471
2608  1.03684  -24.1851
2609  1.04111  -18.2272
2610  1.09696   -3.5660
2611  1.03941  -21.2347
2612  1.03835  -21.3531
2613  1.05163  -14.3740
2614  1.05482  -15.8926
2615  1.03932  -19.8689
2616  1.05265  -14.6864
2617  1.04491  -16.6428
2618  1.03520  -22.5784
2619  1.03625  -20.9267
2620  1.03721  -21.1960
2621  1.06131  -16.9709
2630  1.10000   -2.9269
2631  1.03956  -21.1504
2634  1.10000  -17.9037
2637  1.03888  -21.3531
2638  1.03703  -24.3040
2901  1.08414  -19.2677
2902  1.10000  -20.7357
3101  1.08200  -10.2303
3102  1.08668   -9.1867
3103  1.09568   -6.9004
3104  1.08562  -11.8149
3105  1.09963  -10.0799
3133  1.09815   -6.9004
3135  1.10000   -9.9925
3201  1.06347   -5.7053
3202  1.06902   -5.6582
3203  1.07555   -6.4705
3204  1.09698   -2.1684
3205  1.08115   -4.3962
3234  1.10000   -1.1841
3301  1.09655  -12.0822
3302  1.07797  -11.9537
3303  1.08853  -11.4259
3304  1.08059  -12.2868
3305  1.08598   -6.8284
3333  1.09128  -11.3746
3401  1.05053   -8.1711
3402  1.09860    0.3359
3403  1.09796    6.4710
3404  1.05224   -8.6795
3405  1.03388  -12.5596
3432  1.10000    0.6246
3433  1.10000    7.0982
3501  1.09901   -0.4040
3531  1.10000   -0.1213
3601  1.09957   -0.1408
3631  1.10000   -0.0944
3701  0.95710  -31.0935
3731  0.95814  -31.0139
3801  1.03365   -7.2422
3802  1.05625  -13.2799
3803  1.05940  -15.4395
3804  1.05629   -8.5401
3805  1.05948  -12.3155
3806  1.09830  -12.7624
3831  1.03128   -6.6329
3835  1.05959  -11.9631
3836  1.10000  -12.7624
3891  1.06066  -18.9243
3892  1.05555  -11.1624
3893  1.04405  -23.5248
3894  1.05540  -11.0910
3895  1.04429  -23.5531
3896  1.05617  -10.8790
3897  1.04598  -23.3380
3901  1.06502  -17.6257
3902  1.06425  -10.7858
3903  1.06660  -10.5122
3904  0.96350   -1.8605
3905  0.98241   -8.8575
3906  0.96966   -8.5262
3907  1.03158  -13.5706
3908  0.99596  -18.9150
3909  0.95955  -22.8046
3910  0.99784  -12.7713
3911  1.04766   -2.6227
3912  1.03559   -9.5128
3913  1.00436  -16.4369
3914  1.08109   -3.9564
3915  1.06768   -4.5964
3916  1.03620   -9.3714
3917  1.04848  -15.6540
3918  1.06737  -11.5891
3919  0.95843  -21.4426
3920  0.97463  -21.1701
3921  1.05057    7.9759
3922  0.96977  -16.8270
3923  1.09439   -1.3485
3924  1.04076   -5.4847
3925  1.07406   -1.2835
3926  0.96355  -27.3919
3931  1.05395    8.6815
3932  1.06314  -10.4115
3933  1.10000    0.0000
4001  0.95251  -10.6710
4002  1.00705  -11.5241
4003  1.10000   -8.9194
4004  0.95545  -12.7554
4005  0.91208  -13.7650
4006  0.92222  -21.4277
4007  0.92277  -21.7695
4008  0.94469  -14.1169
4009  0.94203  -26.8194
4010  0.93715  -26.7102
4031  0.94641  -10.2438
4035  0.90000  -12.0917
4039  0.95122  -26.7542
4090  1.00054  -11.4097
4091  0.98051  -12.2384
4092  0.95986  -11.2140
4093  0.95955  -11.0126
4094  0.96222  -12.5506
4095  0.95896  -11.1251
4096  0.95852  -10.9123
4097  0.96216  -12.5358
4101  1.01367   -8.8962
4102  0.98465   -5.6452
4103  0.97830  -18.6011
4104  0.92981  -27.0874
4131  1.01594   -8.3254
4132  0.99116   -2.7679
4201  0.99817  -10.0520
4202  0.93407  -20.2794
4203  0.90000  -23.7297
4204  0.92619  -13.8839
4231  1.00105   -9.2435
4232  0.93932  -20.0923
5001  1.00788    8.1282
5002  1.09056   11.4189
5003  1.03268    2.0287
5004  0.95749  -11.7956
5031  1.01583   10.5909
5032  1.10000   14.0318
6101  1.09981   -5.9014
6102  1.07782   -5.0830
6103  1.05733   -8.9841
6104  0.99562  -21.6611
6132  1.07686   -4.4195
6201  1.05759    5.4649
6202  1.02479   -6.2447
6203  1.07162   -2.3756
6204  1.05254  -14.1234
6205  1.10000   -7.5456
6231  1.05761    6.1439
6235  1.09897   -7.3364
6301  1.06219   -6.8298
6302  1.01085   -4.8627
6303  1.09696    7.5033
6304  1.02976   -2.6772
6305  1.03848   -6.9607
6333  1.10000    8.3556
6335  1.03836   -6.8547
6401  0.90863  -35.1377
6402  0.92851  -34.4063
6403  0.98578  -15.6020
6404  1.03087  -20.0340
6433  0.98541  -15.3856
6501  1.07310  -17.5591
6502  1.07858  -17.2595
6503  1.09926   -2.0349
6504  1.08286  -17.1424
6505  1.10000   -1.9674
6506  1.08523   -1.8879
6507  1.09338  -13.0896
6508  1.07581  -13.3587
6509  1.07696  -17.3644
6510  1.05931  -23.5757
6533  1.10000   -1.0202
7001  1.01005   -3.9052
7002  1.09240   -4.3364
7031  1.00611   -1.6632
7032  1.10000   -3.7594
8001  1.02696   -7.1584
8002  1.06502   -1.6122
8003  1.09674  -11.3105
8004  1.09620  -21.6601
8005  1.04462  -11.0504
8033  1.10000  -11.3105
8034  1.10000  -20.8885
