# Wes Sander, MoltFire
pglib_opf_case73_ieee_rts: AC-OPF objective 189763.390809 $/h (verified feasible at 1e-06 pu)

gen  bus  Pg[MW]  Qg[MVAr]
  0  101    15.9999     4.4311
  1  101    15.9999     4.4311
  2  101    76.0001    -0.6288
  3  101    76.0001    -0.6288
  4  102    15.9999     4.1661
  5  102    15.9999     4.1661
  6  102    76.0001    -2.0862
  7  102    76.0001    -2.0862
  8  107    66.8156    20.6154
  9  107    66.8156    20.6154
 10  107    66.8156    20.6154
 11  113    68.9999    36.6542
 12  113    68.9999    36.6542
 13  113    68.9999    36.6542
 14  114     0.0001   106.6867
 15  115     2.3999     6.0001
 16  115     2.3999     6.0001
 17  115     2.3999     6.0001
 18  115     2.3999     6.0001
 19  115     2.3999     6.0001
 20  115   155.0001    80.0001
 21  116   155.0001    80.0001
 22  118   400.0001    66.6015
 23  121   400.0001   -25.0095
 24  122    50.0001    -6.6985
 25  122    50.0001    -6.6985
 26  122    50.0001    -6.6985
 27  122    50.0001    -6.6985
 28  122    50.0001    -6.6985
 29  122    50.0001    -6.6985
 30  123   155.0001    -5.2339
 31  123   155.0001    -5.2339
 32  123   350.0001    35.2621
 33  201    15.9999     4.1822
 34  201    15.9999     4.1822
 35  201    76.0001    -1.9977
 36  201    76.0001    -1.9977
 37  202    15.9999     4.1265
 38  202    15.9999     4.1265
 39  202    76.0001    -2.3043
 40  202    76.0001    -2.3043
 41  207    71.5735    16.5837
 42  207    71.5735    16.5837
 43  207    71.5735    16.5837
 44  213    90.1850    35.4666
 45  213    90.1850    35.4666
 46  213    90.1850    35.4666
 47  214     0.0001   105.1996
 48  215     2.3999     6.0001
 49  215     2.3999     6.0001
 50  215     2.3999     6.0001
 51  215     2.3999     6.0001
 52  215     2.3999     6.0001
 53  215   155.0001    80.0001
 54  216   155.0001    80.0001
 55  218   400.0001    61.7953
 56  221   400.0001    -9.8335
 57  222    50.0001    -6.7968
 58  222    50.0001    -6.7968
 59  222    50.0001    -6.7968
 60  222    50.0001    -6.7968
 61  222    50.0001    -6.7968
 62  222    50.0001    -6.7968
 63  223   155.0001    -1.7474
 64  223   155.0001    -1.7474
 65  223   350.0001    39.9555
 66  301    15.9999     4.5348
 67  301    15.9999     4.5348
 68  301    76.0001    -0.0588
 69  301    76.0001    -0.0588
 70  302    15.9999     4.2214
 71  302    15.9999     4.2214
 72  302    76.0001    -1.7823
 73  302    76.0001    -1.7823
 74  307    70.2969    16.7137
 75  307    70.2969    16.7137
 76  307    70.2969    16.7137
 77  313    76.9461    37.9409
 78  313    76.9461    37.9409
 79  313    76.9461    37.9409
 80  314     0.0001   117.8692
 81  315     2.3999     6.0001
 82  315     2.3999     6.0001
 83  315     2.3999     6.0001
 84  315     2.3999     6.0001
 85  315     2.3999     6.0001
 86  315   155.0001    80.0001
 87  316   155.0001    80.0001
 88  318   400.0001    57.4710
 89  321   400.0001   -13.1985
 90  322    50.0001    -6.6827
 91  322    50.0001    -6.6827
 92  322    50.0001    -6.6827
 93  322    50.0001    -6.6827
 94  322    50.0001    -6.6827
 95  322    50.0001    -6.6827
 96  323   155.0001    -0.6445
 97  323   155.0001    -0.6445
 98  323   350.0001    41.4401

bus  Vm[pu]  Va[deg]
 101  1.04777   -7.7415
 102  1.04783   -7.8178
 103  1.01085   -7.2108
 104  1.01765  -10.5661
 105  1.03568  -10.7088
 106  1.03242  -13.2794
 107  1.03745  -11.2768
 108  1.01024  -13.7497
 109  1.02610   -8.8152
 110  1.05000  -10.6206
 111  1.02764   -3.9167
 112  1.02024   -2.4242
 113  1.03943    0.0000
 114  1.04402   -1.7306
 115  1.04335    7.9597
 116  1.04565    7.5693
 117  1.04783   11.4342
 118  1.05000   12.5245
 119  1.03962    6.6578
 120  1.04400    7.7406
 121  1.05000   13.0865
 122  1.05000   18.9498
 123  1.05000    9.0562
 124  1.01155    2.3834
 201  1.04841  -10.6898
 202  1.04844  -10.7591
 203  1.01886  -10.4745
 204  1.01890  -13.4848
 205  1.03603  -13.6119
 206  1.03259  -16.1567
 207  1.03973  -13.4661
 208  1.01203  -16.2236
 209  1.02781  -11.7241
 210  1.05000  -13.4799
 211  1.02735   -6.9334
 212  1.01921   -5.2534
 213  1.03752   -3.2152
 214  1.04335   -4.6852
 215  1.04327    4.6335
 216  1.04556    4.7001
 217  1.04847    8.8184
 218  1.05000    9.9947
 219  1.03946    4.2123
 220  1.04380    5.6644
 221  1.05000   10.6320
 222  1.05000   16.4320
 223  1.05000    7.1814
 224  1.01456   -0.9601
 301  1.04860   -9.3482
 302  1.04864   -9.4310
 303  1.01045   -8.5769
 304  1.01785  -12.1879
 305  1.03609  -12.3501
 306  1.03260  -14.9421
 307  1.03804  -12.5480
 308  1.01056  -15.1829
 309  1.02579  -10.4462
 310  1.05000  -12.3012
 311  1.02830   -5.7407
 312  1.01901   -4.1461
 313  1.03802   -2.4153
 314  1.04631   -3.2080
 315  1.04300    7.0508
 316  1.04558    6.5987
 317  1.04785   10.3441
 318  1.05000   11.3426
 319  1.03953    5.9153
 320  1.04389    7.1970
 321  1.05000   12.3411
 322  1.05000   18.0691
 323  1.05000    8.6211
 324  1.01047    1.3060
 325  1.04986    8.9932
