# Wes Sander, MoltFire
pglib_opf_case24_ieee_rts: AC-OPF objective 63351.973187 $/h (verified feasible at 1e-06 pu)

gen  bus  Pg[MW]  Qg[MVAr]
  0    1    15.9999     4.3517
  1    1    15.9999     4.3517
  2    1    76.0001    -1.0656
  3    1    76.0001    -1.0656
  4    2    15.9999     4.1370
  5    2    15.9999     4.1370
  6    2    76.0001    -2.2466
  7    2    76.0001    -2.2466
  8    7    70.3426    16.4384
  9    7    70.3426    16.4384
 10    7    70.3426    16.4384
 11   13    78.5781    32.5913
 12   13    78.5781    32.5913
 13   13    78.5781    32.5913
 14   14     0.0001   114.9076
 15   15     2.3999     6.0001
 16   15     2.3999     6.0001
 17   15     2.3999     6.0001
 18   15     2.3999     6.0001
 19   15     2.3999     6.0001
 20   15   155.0001    80.0001
 21   16   155.0001    80.0001
 22   18   400.0001    72.8983
 23   21   400.0001    -7.4590
 24   22    50.0001    -6.4133
 25   22    50.0001    -6.4133
 26   22    50.0001    -6.4133
 27   22    50.0001    -6.4133
 28   22    50.0001    -6.4133
 29   22    50.0001    -6.4133
 30   23   155.0001     0.9969
 31   23   155.0001     0.9969
 32   23   350.0001    43.6497

bus  Vm[pu]  Va[deg]
   1  1.04723   -6.7554
   2  1.04721   -6.8310
   3  1.01378   -6.1874
   4  1.01625   -9.5743
   5  1.03543   -9.7375
   6  1.03241  -12.3105
   7  1.03601   -9.8765
   8  1.00896  -12.5531
   9  1.02393   -7.8182
  10  1.05000   -9.6783
  11  1.02263   -2.6131
  12  1.01727   -1.8760
  13  1.03348    0.0000
  14  1.03987    1.0125
  15  1.04106    9.3244
  16  1.04428    8.5426
  17  1.04757   12.8917
  18  1.05000   14.2471
  19  1.03895    7.4932
  20  1.04397    8.4523
  21  1.05000   15.0230
  22  1.05000   20.6912
  23  1.05000    9.6838
  24  1.00585    3.6683
