# Wes Sander, MoltFire
pglib_opf_case197_snem: AC-OPF objective 1.497105 $/h (verified feasible at 1e-06 pu)

gen  bus  Pg[MW]  Qg[MVAr]
  0 2114   102.1584    15.4442
  1 2115    92.1677    12.4944
  2 2116    70.3634    12.4077
  3 2117    60.0001     2.9693
  4 2118   130.0001    11.2641
  5 2119    40.0001     3.5564
  6 2123    80.0001    11.3793
  7 2124    -0.0001     1.8654
  8 2125   100.0001    12.8815
  9 2126     0.8314    -0.7611
 10 2127    11.6158    -4.6721
 11 2128    11.4373    -4.5454
 12 2129     2.7021    -1.1160
 13 2130     2.7811    -1.1480
 14 2131     2.7189    -1.1231
 15 2132    40.0001    -6.2716
 16 2133    47.5197    -1.3843
 17 2134    43.5165    -9.7961
 18 2135    40.1121    -9.1413
 19 2136    45.6738   -10.3184
 20 2138    40.0001   -30.0001
 21 2139    -0.0001   -10.0001
 22 2140    70.0001   -13.6216
 23 2142    70.0001     7.0601
 24 2143    70.0001     5.4010
 25 2144    70.0001     7.2009
 26 2148    29.3819    -3.9216
 27 2329    70.0001     6.2599
 28 2330    40.0001     4.6270
 29 2331    -0.0001    -5.4872
 30 2332    32.6307    -1.6357
 31 2333    20.0001    -9.3685
 32 2334    32.6826    -2.0425
 33 2335    33.3851    -1.8373
 34 2250    -0.0001  -186.1564

bus  Vm[pu]  Va[deg]
2112  0.98894   -4.7806
2114  1.01514    4.7824
2115  1.01296    3.9658
2116  1.01825    5.3249
2117  1.08539    1.0192
2118  1.02072    0.3362
2119  0.99425   -1.6975
2120  1.01243  -12.5200
2121  1.01243  -12.5200
2122  1.01243  -12.5200
2123  1.05167   -3.2646
2124  1.06358  -12.2681
2125  1.07636   -4.7135
2126  1.02838   -5.6756
2127  1.02338   -4.7179
2128  1.02314   -4.6836
2129  0.98418   -5.4722
2130  0.98409   -5.4604
2131  0.98419   -5.4744
2132  0.98946    1.2116
2133  0.98042   -0.6799
2134  0.94615    0.0438
2135  0.94672   -0.1078
2136  0.94631    0.0000
2137  1.01774   -6.8237
2138  0.96106   -3.8764
2139  1.00597   -8.3047
2140  0.95621    1.2191
2141  0.98558   -6.4993
2142  1.00230    0.7741
2143  0.99972   -0.4135
2144  1.00264    0.8410
2145  0.99385   -6.5976
2146  1.08232   -3.7230
2147  1.05730   -2.4334
2148  1.10000   -0.7789
2149  0.99241   -4.7182
2150  0.99218   -4.7176
2152  1.06284   -3.9436
2153  1.06044   -4.0265
2155  1.06004   -3.8644
2156  1.06276   -3.9427
2157  1.05566   -4.6726
2158  1.05877   -4.1187
2160  1.06007   -7.2568
2161  1.06372   -6.9763
2162  1.06587   -6.6741
2163  1.06244   -7.2790
2164  1.06950   -7.7846
2165  1.06854   -7.7748
2166  1.06005   -7.2567
2167  1.06369   -7.5072
2168  1.05326   -7.8489
2169  1.05563   -7.6895
2170  1.05621   -7.5466
2171  1.03731   -6.2726
2172  1.04710   -5.5130
2173  1.05845  -12.5201
2174  1.05461  -12.8516
2175  1.05438  -12.9544
2176  1.01872   -7.7414
2177  1.01797   -7.8583
2178  1.02158   -7.0073
2180  1.03259   -6.0026
2183  1.03297   -6.2787
2186  1.02872   -6.3591
2189  1.03279   -6.0145
2190  1.02525   -7.5144
2192  1.02849   -8.0238
2193  1.03124   -7.6377
2194  1.03020   -7.8428
2195  1.02931   -8.1299
2198  1.02911   -8.1141
2199  1.10000   -8.4137
2200  1.02868   -8.2390
2201  1.02863   -8.2388
2202  1.02397   -8.6330
2203  1.02817   -8.3326
2204  1.02719   -8.0440
2205  1.02728   -7.9998
2206  1.02783   -8.0046
2207  1.02396   -8.1918
2208  0.97161  -13.6025
2209  1.02163   -8.3345
2210  1.01975   -8.4509
2212  1.02720   -8.3659
2214  1.01128   -8.3047
2215  1.02919   -5.7463
2217  1.03339   -6.5655
2219  1.03014   -6.4987
2220  1.01702   -8.2886
2221  1.10000  -11.2839
2222  1.01920   -7.4570
2223  1.01165   -8.3826
2224  1.01693   -8.2798
2225  1.01181   -8.3836
2226  1.06901   -7.8158
2227  1.04777   -5.5266
2228  1.05847  -12.5339
2229  1.06601   -4.9654
2231  1.01478   -8.0110
2232  1.02874   -8.2148
2233  1.02871   -8.2105
2234  1.02659   -9.5390
2235  1.02676   -9.5348
2237  1.02003   -8.4255
2238  1.02667   -5.6438
2239  1.09405   -1.3328
2240  1.09369   -1.4583
2241  1.09073   -2.1982
2242  1.09068   -2.6643
2243  1.08910   -2.6536
2244  1.08053   -5.0090
2247  1.07803   -5.7719
2249  1.07637   -6.1471
2250  1.05144  -12.0536
2255  1.05559   -5.1235
2259  1.05269   -4.9618
2261  1.04256   -2.4673
2262  1.04321   -5.6473
2263  1.06366   -7.0528
2268  1.06026   -5.9890
2269  1.06070   -6.5960
2270  1.05268   -8.6353
2272  1.06989   -7.7045
2273  1.06558   -8.2355
2274  0.99333   -9.9924
2275  1.00410   -8.8934
2276  1.01069   -7.9906
2277  1.03573  -10.7961
2278  1.02719   -9.7536
2279  1.02287   -7.9166
2280  1.04824   -4.1637
2281  1.00781   -2.4443
2282  1.05456   -4.8460
2283  1.06988   -5.9516
2284  1.05952   -4.1817
2285  1.05176   -8.4829
2286  1.07301   -8.4969
2287  1.04442  -10.4771
2288  1.04827   -8.5245
2289  1.07215   -8.9433
2290  1.05862  -10.8068
2291  1.05862  -12.1858
2292  1.02753  -13.9045
2293  1.01542   -8.3403
2294  0.97340   -7.0072
2295  1.03254   -6.6908
2296  1.06071   -7.3675
2297  1.03501   -6.1054
2298  1.00927  -10.4625
2299  1.01699   -9.7792
2300  1.04438   -8.9492
2301  1.04554   -8.8702
2302  1.03984  -11.5247
2303  1.04318  -11.3161
2304  1.02924   -9.3326
2305  1.02791   -9.3934
2306  1.02292   -8.9989
2307  1.02300   -8.9728
2308  1.02994   -9.0568
2309  1.03721   -9.2921
2310  1.02052   -8.7619
2311  1.00947  -13.6025
2312  1.01273   -9.3847
2313  1.04888  -10.5047
2314  1.01548   -9.3415
2315  0.99520  -10.9102
2316  1.00457   -7.3798
2317  1.04098   -9.6032
2318  1.01601   -9.7354
2319  1.06621   -4.0914
2320  0.99694  -10.9164
2321  1.02012   -9.3921
2322  1.07095   -8.5079
2323  1.03224   -6.0186
2324  1.04886   -8.9904
2325  1.04884   -8.9653
2326  1.04869   -8.9975
2328  1.09310    0.9464
2329  1.02501    1.6028
2330  1.02224    1.6052
2331  0.98804   -5.0577
2332  1.00097    2.3827
2333  0.99343   -2.6935
2334  1.00166    1.6760
2335  1.00123    2.1020
2336  1.00560   -9.6629
2337  1.07748  -11.5329
2338  1.01856   -7.8617
2339  1.02356  -10.8687
10108  1.01236   -7.7952
10109  1.01417   -8.1349
10110  1.04426   -7.9129
10111  1.05398   -7.9676
10112  1.04726  -10.4053
10113  1.04714  -10.4304
